1.00000 1.76068e+006 1.72851e+006
1.03296 1.75725e+006 1.72006e+006
1.06701 1.75228e+006 1.71313e+006
1.10218 1.74701e+006 1.70469e+006
1.13851 1.74085e+006 1.69544e+006
1.17604 1.73479e+006 1.68491e+006
1.21481 1.64246e+006 1.59476e+006
1.25485 1.71838e+006 1.66321e+006
1.29621 1.70940e+006 1.65085e+006
1.33894 1.69958e+006 1.63851e+006
1.38307 1.68976e+006 1.62582e+006
1.42866 1.67845e+006 1.61223e+006
1.47575 1.66730e+006 1.59899e+006
1.52440 1.65644e+006 1.58619e+006
1.57465 1.64460e+006 1.57260e+006
1.62655 1.63239e+006 1.55870e+006
1.68017 1.61930e+006 1.54591e+006
1.73555 1.60672e+006 1.53220e+006
1.79276 1.59372e+006 1.52015e+006
1.85185 1.58053e+006 1.50833e+006
1.91289 1.56814e+006 1.49792e+006
1.97594 1.55471e+006 1.48828e+006
2.04108 1.54186e+006 1.47965e+006
2.10835 1.52894e+006 1.47185e+006
2.17785 1.51690e+006 1.46680e+006
2.24964 1.50540e+006 1.46300e+006
2.32379 1.49440e+006 1.46072e+006
2.40039 1.48386e+006 1.46030e+006
2.47951 1.47417e+006 1.46076e+006
2.56124 1.46578e+006 1.46274e+006
2.64567 1.45830e+006 1.46593e+006
2.73287 1.45196e+006 1.46985e+006
2.82296 1.44742e+006 1.47409e+006
2.91601 1.44413e+006 1.47817e+006
3.01213 1.44268e+006 1.48144e+006
3.11141 1.44264e+006 1.48339e+006
3.21397 1.44378e+006 1.48369e+006
3.31991 1.44597e+006 1.48139e+006
3.42935 1.45073e+006 1.47541e+006
3.54239 1.45546e+006 1.46527e+006
3.65915 1.46195e+006 1.45029e+006
3.77976 1.46844e+006 1.42979e+006
3.90435 1.47551e+006 1.40223e+006
4.03305 1.48220e+006 1.36639e+006
4.16599 1.48818e+006 1.31938e+006
4.30331 1.49365e+006 1.25806e+006
4.44516 1.49577e+006 1.18239e+006
4.59168 1.49427e+006 1.06631e+006
4.74303 1.48744e+006      926030.
4.89938 1.47239e+006      678835.
5.06087 1.44779e+006      451625.
5.22769 1.42237e+006      288358.
5.40001 1.39264e+006      229377.
5.57800 1.35659e+006      205707.
5.76187 1.31301e+006      187781.
5.95179 1.25570e+006      170897.
6.14798 1.18540e+006      154379.
6.35063 1.09829e+006      137569.
6.55996      995034.      121801.
6.77620      867091.      106112.
6.99955      708724.      90863.2
7.23028      507193.      74894.0
7.46860      277022.      61495.8
7.71479      99007.8      51759.0
7.96908      67693.6      49781.5
8.23176      59797.8      48212.3
8.50310      57272.5      47028.9
8.78339      55447.6      46171.4
9.07291      53792.4      45195.8
9.37197      51956.7      44216.5
9.68089      49712.7      43447.3
10.0000      48477.2      42854.9
10.3296      46732.5      41862.0
10.6701      45875.3      41058.2
11.0218      44474.5      39807.8
11.3851      43565.3      39034.7
11.7604      42485.8      38092.1
12.1481      41385.4      37182.6
12.5485      40317.2      36361.6
12.9621      39279.9      35640.6
13.3894      38303.9      34892.3
13.8307      37184.6      33996.5
14.2866      36216.7      33347.8
14.7575      34336.5      32035.6
15.2440      34747.4      32316.7
15.7465      33802.7      31615.6
16.2655      33104.5      31078.9
16.8017      32306.8      30324.0
17.3555      31774.8      29163.1
17.9276      31123.7      29176.9
18.5185      30291.7      28833.2
19.1289      29661.9      28169.8
19.7594      29082.3      27663.8
20.4108      28504.0      27435.0
21.0835      27877.8      26705.1
21.7785      27548.7      26268.5
22.4964      26914.5      25809.6
23.2379      26792.2      25404.7
24.0039      25926.2      25007.2
24.7951      25574.5      24617.5
