    -60.00    162.10     29.29
    -59.00    177.63     13.22
    -58.00    139.75      9.02
    -57.00    140.89    317.23
    -56.00    109.56    324.23
    -55.00    133.10    322.61
    -54.00     98.21    324.59
    -53.00     80.76    342.07
    -52.00     94.39    301.67
    -51.00     45.85    275.13
    -50.00     37.21    285.49
    -49.00     99.01    280.12
    -48.00     52.56    288.78
    -47.00     49.93    240.88
    -46.00     13.94    309.96
    -45.00     26.19    253.30
    -44.00     27.60    234.19
    -43.00     14.71    257.81
    -42.00      0.77    229.25
    -41.00     20.15    230.79
    -40.00      0.23    225.67
    -39.00      2.51    218.98
    -38.00    331.53    218.10
    -37.00    336.98    221.63
    -36.00    318.97    193.99
    -35.00    347.61    203.96
    -34.00    331.22    202.72
    -33.00    314.09    201.11
    -32.00    301.09    180.60
    -31.00    283.78    209.63
    -30.00    311.94    169.30
    -29.00    249.58    194.40
    -28.00    291.84    166.72
    -27.00    293.83    194.99
    -26.00    261.73    149.89
    -25.00    246.09    151.61
    -24.00    259.87    156.32
    -23.00    292.20    132.69
    -22.00    297.94    151.53
    -21.00    255.36    187.87
    -20.00    249.68    171.10
    -19.00    258.13    173.50
    -18.00    293.50    140.55
    -17.00    282.70    154.11
    -16.00    253.07    160.18
    -15.00    263.53    116.98
    -14.00    267.60    146.71
    -13.00    277.81    168.60
    -12.00    264.52    166.42
    -11.00    270.77    182.76
    -10.00    252.93    164.59
     -9.00    284.40    178.68
     -8.00    283.24    154.54
     -7.00    290.46    203.20
     -6.00    266.57    165.46
     -5.00    295.02    197.23
     -4.00    310.18    153.97
     -3.00    292.21    197.95
     -2.00    290.46    190.63
     -1.00    331.01    185.17
      0.00    318.65    201.60
      1.00    328.43    168.95
      2.00    330.16    198.95
      3.00    347.61    173.82
      4.00    336.01    222.94
      5.00    331.00    212.95
      6.00    333.69    274.05
      7.00    303.01    257.09
      8.00    324.17    228.37
      9.00    313.63    254.41
     10.00    352.83    263.83
     11.00    349.04    235.21
     12.00     14.63    259.51
     13.00     24.16    246.66
     14.00     43.76    272.70
     15.00     49.47    300.18
     16.00    104.62    315.20
     17.00     50.65    308.99
     18.00     89.83    295.39
     19.00     85.99    298.63
     20.00     92.06    312.24
     21.00     79.85    339.46
     22.00    112.07    349.52
     23.00    139.69     12.58
     24.00     97.06    354.44
     25.00    172.40     30.36
     26.00    153.84    359.54
     27.00    176.59     23.79
     28.00    183.39     33.83
     29.00    164.78     51.52
     30.00    196.97     47.16
     31.00    202.96     60.56
     32.00    237.43     87.59
     33.00    233.50     77.35
     34.00    268.09     39.42
     35.00    273.82     98.36
     36.00    227.96    113.19
     37.00    303.32    159.11
     38.00    309.49    139.64
     39.00    295.25    141.68
     40.00    334.23    151.48
     41.00    312.71    185.46
     42.00    322.84    168.56
     43.00      4.98    176.43
     44.00     12.07    185.37
     45.00     45.70    235.33
     46.00     39.41    255.41
     47.00     49.02    257.60
     48.00     89.72    269.85
     49.00    100.36    294.75
     50.00    115.60    272.05
     51.00    125.18    300.98
     52.00    128.18    294.68
     53.00    131.23    319.75
     54.00    173.34    355.41
     55.00    203.57    331.40
     56.00    209.65    351.27
     57.00    203.50     11.90
     58.00    225.61     33.93
     59.00    223.65     33.79
     60.00    291.30     56.76
